A*
50 48
2 13
82
1
23 43
57 55 19 5 6 78 11 68 93 74 69 35 12 47 69 52 15 65 6 76 20 54 4 14 11 50 56 20 79 7 56 53 32 64 37 71 76 76 58 20 29 51 15 66 45 68 70 30
93 78 31 1 62 79 54 63 73 77 81 43 78 14 3 22 71 49 66 3 38 97 36 61 20 83 10 5 28 84 30 69 76 43 21 58 93 57 78 93 44 32 15 63 67 95 62 54
53 33 74 63 23 53 71 7 66 78 48 80 16 42 45 64 58 26 53 20 32 72 66 30 70 81 3 89 88 19 7 15 55 12 28 8 36 62 16 12 54 80 76 21 95 66 95 89
53 14 1 2 35 58 56 87 98 22 44 36 8 37 57 25 34 68 81 78 60 19 31 23 58 24 52 76 40 69 55 31 5 1 81 97 73 45 66 13 61 65 89 38 27 79 30 49
15 79 73 25 58 99 19 29 98 89 12 62 48 31 29 24 3 53 22 62 66 58 93 60 93 16 70 29 48 62 74 33 74 74 11 61 54 14 80 80 61 67 96 90 55 67 1 69
47 22 49 3 96 1 23 36 71 10 7 95 54 68 46 40 39 15 74 20 13 22 24 24 63 39 11 82 68 88 16 44 8 6 48 13 92 55 77 75 82 63 78 62 36 58 45 59
82 21 69 28 46 16 78 6 43 47 5 28 61 5 19 7 24 13 2 32 54 87 69 76 75 66 10 62 71 7 5 33 33 38 53 65 23 15 79 10 39 29 20 72 1 16 28 73
63 54 97 78 2 44 68 88 3 27 22 49 42 25 3 14 22 20 63 75 29 2 86 98 81 54 71 79 42 52 26 37 47 45 57 54 28 30 99 5 19 68 58 49 27 72 15 8
16 6 74 15 35 24 42 36 11 49 28 43 79 82 1 78 46 53 87 3 36 66 61 48 74 39 12 21 13 46 6 30 18 13 30 53 22 50 66 13 81 57 34 82 77 10 9 30
61 41 47 67 21 1 52 6 13 32 50 13 58 22 68 26 82 67 14 83 26 6 33 22 54 29 10 90 50 30 85 92 84 39 41 59 17 68 36 88 8 29 46 54 77 10 41 28
99 22 37 79 69 45 24 11 31 77 12 65 44 92 12 68 13 9 47 70 77 63 51 4 57 6 20 76 5 17 16 13 90 0 16 16 74 69 17 36 77 61 24 11 14 22 48 28
63 10 66 47 13 77 82 17 20 42 60 17 3 1 46 27 35 5 32 73 80 7 54 21 27 99 52 95 68 5 6 13 63 15 74 68 37 17 71 42 31 15 87 20 98 20 65 81
16 81 11 11 91 53 12 30 49 7 29 60 52 36 0 35 26 60 71 65 56 36 89 95 16 59 34 84 35 68 43 65 30 74 51 69 19 43 5 10 28 18 42 42 94 65 2 69
22 6 26 10 9 0 65 61 63 76 80 10 25 42 71 28 32 78 78 28 34 92 23 66 54 38 43 72 47 38 48 12 87 32 42 65 75 31 14 32 39 12 27 61 27 15 26 52
76 37 64 70 82 32 72 16 16 36 42 46 40 45 98 81 76 25 48 61 26 34 48 23 59 57 69 38 89 20 15 78 7 48 80 38 79 78 29 67 31 73 18 13 69 90 8 98
68 79 27 32 59 51 71 19 67 7 70 75 11 30 58 74 72 65 88 76 12 46 29 16 22 54 91 40 29 35 80 42 55 57 4 3 35 40 74 66 59 96 90 12 7 62 39 37
23 18 62 58 2 80 87 53 29 35 14 98 28 12 1 74 71 26 42 42 47 52 25 16 82 28 14 73 24 11 22 28 58 27 64 12 7 55 21 34 64 10 9 55 34 48 97 92
69 8 57 22 30 67 91 69 77 79 31 86 29 50 12 44 42 71 27 91 50 63 29 80 20 47 60 68 35 76 17 77 12 47 67 80 14 3 64 74 20 12 45 22 55 37 48 5
49 23 47 30 61 47 12 46 12 37 23 15 36 21 17 56 21 67 32 16 30 66 40 11 58 47 99 64 66 21 38 39 37 77 22 78 19 4 41 12 52 53 13 4 20 73 64 3
44 48 35 71 72 26 57 93 67 22 56 18 48 94 41 97 46 80 37 41 48 33 91 37 19 5 30 81 71 14 39 56 63 56 28 39 12 67 48 23 12 70 10 44 76 92 75 54
58 73 14 79 50 56 75 96 34 21 60 59 5 60 10 31 71 15 40 4 10 59 20 40 92 12 15 67 13 57 4 16 26 39 49 30 18 0 15 16 20 41 65 39 96 75 81 39
6 59 42 75 32 65 15 37 9 4 82 17 9 75 12 31 39 69 73 14 58 43 83 38 9 12 30 2 14 25 31 40 92 7 86 74 84 16 77 54 25 27 8 63 96 5 64 15
70 45 35 56 5 63 38 79 36 62 20 13 28 80 58 49 55 23 45 5 60 66 53 6 78 2 18 78 85 32 98 49 60 77 41 44 15 63 46 11 38 26 45 27 39 31 52 77
23 41 41 36 44 18 57 95 56 21 37 93 66 41 55 32 41 1 57 75 5 44 4 69 37 24 31 36 23 54 81 77 61 31 60 56 76 61 13 88 48 97 43 17 71 7 31 79
37 58 66 34 30 59 83 28 16 19 67 27 71 67 72 5 14 56 4 78 67 8 16 49 92 17 96 49 49 28 98 26 81 54 81 25 78 3 37 56 97 97 70 16 85 18 86 43
68 81 93 48 72 29 6 50 41 34 52 28 7 90 21 48 14 31 78 73 56 34 10 34 15 74 53 58 26 57 7 38 46 64 96 32 74 95 65 27 19 94 3 15 94 38 55 30
74 96 29 98 17 30 16 78 44 58 83 68 59 62 78 77 65 98 27 23 10 64 65 37 55 89 39 32 69 20 66 59 37 54 78 5 33 48 30 84 56 1 86 62 56 19 76 40
71 23 75 12 93 37 78 59 54 5 98 97 80 7 40 44 83 40 25 11 9 21 39 72 91 28 5 63 42 36 77 43 54 62 78 82 53 31 71 51 47 40 82 34 66 55 18 46
47 75 79 81 29 45 92 2 20 55 96 38 46 51 77 61 19 21 35 36 30 34 91 55 78 63 44 52 59 32 71 67 39 53 79 35 94 40 67 24 91 59 91 41 78 20 1 30
32 35 76 18 18 21 20 35 45 38 81 55 56 42 3 98 31 26 18 9 59 33 49 81 50 47 5 18 88 32 46 52 31 28 61 41 26 34 38 36 25 68 36 36 47 55 11 12
38 21 13 10 83 35 51 63 95 40 51 91 76 50 69 61 2 76 52 11 34 72 30 71 54 28 97 30 61 29 58 40 76 45 23 31 35 48 80 45 3 38 46 56 33 43 47 28
94 96 5 53 21 97 64 14 27 35 68 51 71 24 27 3 73 45 40 39 60 54 16 90 65 75 56 68 13 24 16 1 69 27 81 56 41 61 69 19 7 58 93 73 73 39 64 14
43 50 41 61 75 83 48 96 21 51 49 76 27 49 2 58 99 49 2 66 33 8 38 22 81 13 71 26 35 82 79 36 11 26 29 58 21 35 45 42 30 36 28 84 56 59 63 36
60 59 39 15 10 22 28 5 9 37 22 62 16 30 43 23 31 42 63 14 76 88 39 79 27 59 9 62 52 39 69 9 31 31 28 17 32 60 68 53 60 86 57 42 13 47 48 96
40 75 6 5 24 42 18 75 6 4 66 1 69 33 31 0 44 56 95 82 31 61 50 11 91 30 24 8 34 35 3 87 24 47 25 25 81 81 75 46 24 83 76 21 39 37 37 10
15 20 39 82 75 76 63 95 24 13 7 21 37 95 75 25 56 0 2 33 79 9 43 81 67 32 42 40 51 7 17 38 52 14 73 21 58 9 35 67 39 7 33 20 56 51 61 45
75 12 31 53 6 5 31 31 49 79 11 95 10 19 25 5 65 77 81 11 54 53 8 21 59 62 4 13 25 60 49 30 18 19 37 45 22 39 39 23 39 28 97 66 22 63 25 71
24 30 48 57 35 12 56 69 79 24 25 14 61 29 68 57 75 32 77 4 45 95 29 87 80 32 47 45 37 15 52 55 2 52 62 6 5 33 30 76 30 82 61 49 17 42 46 52
44 9 2 20 50 64 73 29 26 79 80 19 15 62 4 55 79 77 45 67 69 52 25 38 17 69 37 73 33 60 57 46 62 83 42 70 13 42 49 20 4 61 99 29 9 57 61 50
47 48 42 16 49 77 59 65 92 58 26 10 92 46 32 50 34 86 54 10 63 76 0 22 39 70 12 34 54 13 86 2 80 6 95 24 12 80 29 51 53 63 41 71 20 30 0 34
94 22 57 54 23 72 59 17 57 22 83 6 78 95 99 17 70 68 41 19 55 46 82 4 22 78 44 35 79 9 0 20 87 46 2 60 61 78 53 52 65 46 17 24 11 2 48 30
35 8 16 11 63 77 35 29 62 12 31 34 10 19 73 49 72 67 35 43 24 56 79 93 21 67 86 55 11 27 38 54 51 37 13 62 57 70 19 26 9 36 23 6 43 9 7 73
88 97 21 56 1 50 30 14 19 69 46 44 22 9 66 31 38 74 54 63 59 56 58 71 56 58 38 63 48 20 1 24 22 38 59 51 13 10 13 30 19 53 11 36 71 89 12 60
23 79 53 52 79 63 51 65 18 78 73 56 70 95 1 20 11 42 59 26 32 11 76 56 63 64 49 61 39 66 78 32 36 93 74 80 73 25 90 31 16 87 50 60 54 14 21 8
33 2 98 98 79 55 94 59 50 20 81 21 21 8 71 7 13 44 50 24 15 93 44 57 53 41 53 56 68 33 60 38 66 67 44 29 23 51 12 87 17 12 36 45 10 40 17 27
21 74 16 39 11 33 59 77 1 46 71 97 21 53 6 68 11 34 43 25 4 77 65 69 49 34 34 25 35 1 25 19 65 47 53 69 67 49 63 30 54 99 9 37 9 61 98 98
51 38 64 8 95 75 35 81 65 41 38 40 71 97 55 12 22 70 18 36 30 31 44 54 49 48 59 46 88 32 54 15 47 44 21 32 29 47 42 75 40 80 10 67 95 62 45 61
62 50 51 47 35 74 23 70 81 8 27 48 33 57 59 6 59 74 73 79 14 13 23 17 22 25 67 33 11 44 43 24 6 45 25 9 69 57 35 15 76 56 38 80 75 3 73 27
19 31 62 48 86 51 56 99 21 1 39 48 40 60 25 94 67 81 81 6 70 5 54 63 89 71 46 85 61 77 9 22 49 35 65 91 66 91 94 36 48 37 54 86 98 94 29 41
22 11 53 15 60 1 99 53 75 58 17 37 68 60 20 49 76 99 11 55 52 46 61 17 18 43 2 11 77 60 56 5 77 51 26 32 82 29 68 95 3 22 17 76 95 67 8 6
